0.263596
0.138181
0.087754
0.093845
0.084450
0.069036
0.061329
0.061519
0.074577
0.082326
0.076027
0.075099
0.074402
0.068684
0.069708
0.063219
0.076163
0.090945
0.074714
0.068865
0.074554
0.074994
0.072971
0.078470
0.078459
0.079669
0.083234
0.074154
0.079978
0.073152
0.090632
0.081518
0.084098
0.079790
0.084038
0.082170
0.079952
0.086049
0.091242
0.078099
0.088962
0.083767
0.091505
0.087210
0.085410
0.085948
0.088522
0.089286
0.092793
0.096009
0.097980
0.101932
0.088387
0.109886
0.094897
0.091038
0.115977
0.093350
0.104508
0.105889
0.098891
0.098277
0.105995
0.113567
