0.102998
0.045230
0.028787
0.032874
0.031457
0.027757
0.029002
0.033206
0.031848
0.040486
0.030852
0.031046
0.035917
0.032308
0.036857
0.033449
0.034508
0.036065
0.034604
0.043780
0.036646
0.036543
0.039182
0.037122
0.035950
0.043143
0.037048
0.045138
0.040129
0.042771
0.038697
0.043867
0.060226
0.054793
0.052636
0.046977
0.050989
0.044314
0.044680
0.047830
0.046717
0.056267
0.044681
0.054953
0.047420
0.046934
0.054289
0.049291
0.055338
0.070213
0.069408
0.058622
0.060571
0.057948
0.059101
0.059946
0.069047
0.057068
0.077594
0.060282
0.066103
0.058895
0.069449
0.061330
