0.248190
0.123497
0.083496
0.076826
0.068517
0.064254
0.055893
0.051658
0.065434
0.063453
0.068862
0.064848
0.059813
0.055991
0.053206
0.052410
0.060201
0.057722
0.055796
0.058950
0.056314
0.056115
0.056237
0.054765
0.064000
0.064024
0.054544
0.058559
0.058999
0.056442
0.057153
0.058813
0.057048
0.056704
0.057148
0.056706
0.057362
0.057041
0.057525
0.058187
0.058332
0.055298
0.058514
0.055843
0.070063
0.066014
0.054826
0.062109
0.056348
0.056318
0.056980
0.057735
0.065977
0.060491
0.057995
0.055348
0.056554
0.062709
0.057868
0.056886
0.055954
0.057779
0.060999
0.057212
