0.091548
0.062204
0.024346
0.018721
0.020790
0.022460
0.019566
0.019058
0.022835
0.020532
0.021455
0.021005
0.020041
0.019870
0.018910
0.018626
0.018915
0.019998
0.021046
0.019518
0.020517
0.020778
0.020622
0.019072
0.020413
0.021642
0.019581
0.019922
0.019567
0.020793
0.019649
0.020282
0.021375
0.020093
0.020421
0.020355
0.020706
0.021523
0.021140
0.021572
0.021169
0.021244
0.021487
0.022152
0.021844
0.021900
0.021835
0.021959
0.021602
0.022096
0.022436
0.022326
0.023641
0.023568
0.025406
0.024733
0.024857
0.024286
0.025307
0.025501
0.026146
0.026709
0.027141
0.028591
